12      13
12      14
12      15
12      16
12      17
12      21
12      22
12      23
13      12
13      14
13      15
13      16
13      17
13      18
13      20
13      21
13      22
13      23
14      12
14      13
14      15
14      17
14      18
14      21
14      22
14      23
14      31
14      38
15      12
15      13
15      14
15      16
15      17
15      18
15      20
15      21
15      22
15      23
16      12
16      13
16      15
16      17
16      18
16      20
16      21
16      22
16      23
16      24
17      12
17      13
17      14
17      15
17      16
17      18
17      20
17      21
17      22
17      23
18      14
18      15
18      16
18      17
18      20
18      21
18      22
18      23
20      12
20      13
20      14
20      15
20      16
20      17
20      18
20      21
20      22
20      23
21      12
21      14
21      15
21      16
21      18
21      20
21      22
21      23
21      24
21      31
22      12
22      14
22      15
22      16
22      17
22      18
22      21
22      31
22      38
22      47
23      12
23      14
23      15
23      16
23      17
23      18
23      20
23      31
23      38
23      57
24      12
24      15
24      16
24      20
24      21
24      53
24      81
24      87
24      102
24      188
31      12
31      14
31      15
31      16
31      17
31      18
31      21
31      22
31      23
31      38
32      48897904
34      14
34      21
34      23
34      47
34      274
34      295
34      322
34      1081
34      1378
34      1488
38      12
38      14
38      15
38      16
38      17
38      21
38      22
38      23
38      31
38      61
41      12
41      6665
41      759195
41      6066682
41      6136082
41      9281892
41      14344474
47      15
47      16
47      17
47      18
47      21
47      22
47      150
47      246
47      257
47      259
52      14
52      16
52      20
52      53
52      89
52      107
52      292
52      4674
52      10293
52      12189
53      12
53      13
53      14
53      15
53      16
53      17
53      20
53      21
53      24
53      31
56      12
56      17
56      57
56      304
56      6954
56      12479772
56      14286544
56      14589771
56      15259909
56      15992978
57      12
57      13
57      15
57      16
57      17
57      18
57      20
57      22
57      23
57      52
58      12
58      59
58      60
58      76
58      306
58      675
58      2834
58      5074
58      7846
58      13165
59      12
59      14
59      58
59      60
59      76
59      306
59      2834
59      7846
59      10149
59      10293
60      12
60      58
60      59
60      76
60      306
60      2807
60      2834
60      7846
60      28613
60      50043
61      12
61      15
61      22
61      38
61      67
61      92
61      259
61      260
61      265
61      344
62      12
62      16
62      20
62      104
62      2554
62      5844
62      16133
62      53543
62      78733
62      449463
64      12
64      13
64      14
64      15
64      16
64      17
64      18
64      20
64      53
64      57
66      13
66      16
66      20
66      21
66      38
66      47
66      53
66      64
66      87
66      150
67      12
67      61
67      528
67      2834
67      7482
67      11033
67      11497
67      13680
67      48263
67      81503
69      14
69      329
69      960021
69      2383271
69      3043001
69      3083881
69      3337791
69      4448101
69      4951921
69      5522882
70      12
70      13
70      15
70      16
70      20
70      53
70      64
70      87
70      94
70      150
76      12
76      58
76      59
76      60
76      306
76      63793
76      81033
76      374023
76      729193
76      1293261
80      23
80      272
81      21
81      24
87      12
87      13
87      14
87      15
87      16
87      18
87      20
87      21
87      24
87      31
89      15
89      16
89      20
89      52
89      53
89      87
89      150
89      291
89      456
89      586
92      12
92      61
92      259
92      260
92      3964
92      4798
92      19853
92      52513
92      53083
92      74783
94      12
94      15
94      16
94      20
94      53
94      70
94      87
94      150
94      257
94      291
96      611823
102     21
102     24
102     106
102     209
102     683203
102     4064131
102     14414574
102     17971035
104     12
104     5844
104     611823
104     3011091
104     4954591
104     6376132
104     6475512
104     6794222
104     8519812
104     9334552
105     17
105     57
105     15572935
105     19519554
106     102
107     13
107     14
107     20
107     52
107     53
107     108
107     194
107     274
107     292
107     293
108     20
108     53
108     107
108     293
108     448
108     586
108     1025
108     1173
108     1378
108     2480
126     12
126     14
126     53
126     87
126     89
126     235
126     238
126     240
126     242
126     291
136     38
136     51603
136     56623
136     365813
136     511283
136     611823
136     645003
136     646993
136     661553
136     661563
138     23
138     19489341
140     14
141     23
141     272
141     2834
141     12212
141     26163
141     48763
141     81503
141     658353
141     742443
141     774842
144     227
144     228
144     229
144     230
144     231
144     232
148     16
148     202
148     275
148     611823
149     16
149     611823
150     12
150     13
150     15
150     16
150     17
150     18
150     20
150     21
150     47
150     53
152     14836890
152     16277503
152     16286703
152     17369683
152     19489341
152     28512719
152     35006947
152     47515341
152     47516020
152     47516482
155     16
155     150
155     2666
155     20373
155     611823
155     651273
155     662693
155     662783
155     713973
155     817316
183     23
187     12
187     13
187     16
187     53
187     70
187     89
187     150
187     291
187     292
187     293
188     14
188     21
188     24
188     409
188     28513
188     1061991
188     2383271
188     2776801